1 0 15
2 15 34
3 49 57
4 106 92
5 198 135
6 333 372
7 705 560
8 1265 840
9 2105 1242
10 3347 1242
11 4589 1242
12 5831 1242
13 7073 1242
14 8315 1242
15 9557 1490
16 11047 1788
17 12835 2145
18 14980 2574
19 17554 3088
20 20642 3705
21 24347 4446
22 28793 5335
23 34128 6402
24 40530 7682
25 48212 9218
26 57430 11061
27 68491 13273
28 81764 15927
29 97691 19112
30 116803 19112
31 135915 19112
32 155027 19112
33 174139 19112
34 193251 19112
35 212323 22934
36 235297 27520
37 262817 33024
38 295841 39628
39 335469 47553
40 383022 51357
41 434379 55465
42 489844 59902
43 549746 64694
44 614440 69869
45 684309 75458
46 759767 81494
47 841261 88013
48 929274 95054
49 1024328 102658
50 1126986 110870
51 1237856 119739
52 1357595 129318
53 1486913 139663
54 1626576 150836
55 1777412 162902
56 1940314 175934
57 2116248 190008
58 2306256 205208
59 2511464 221624
60 2733088 221624
61 2954712 221624
62 3176336 221624
63 3397960 221624
64 3619584 221624
65 3841208 238245
66 4079453 256113
67 4335566 275321
68 4610887 295970
69 4906857 318167
70 5225024 342029
71 5567053 367681
72 5934734 395257
73 6329991 424901
74 6754892 456768
75 7211660 488741
76 7700401 522952
77 8223353 559558
78 8782911 598727
79 9381638 640637
80 10022275 685481
81 10707756 733464
82 11441220 784806
83 12226026 839742
84 13065768 898523
85 13964291 961419
86 14925710 1028718
87 15954428 1100728
88 17055156 1177778
89 18232934 1260222
90 19493156 1342136
91 20835292 1429374
92 22264666 1522283
93 23786949 1621231
94 25408180 1726611
95 27134791 1838840
96 28973631 1958364
97 30931995 2085657
98 33017652 2221224
99 35238876 2365603
100 37604479 2365603
101 39970082 2365603
102 42335685 2365603
103 44701288 2365603
104 47066891 2365603
105 49432494 2519367
106 51951861 2683125
107 54634986 2857528
108 57492514 3043267
109 60535781 3241079
110 63776860 3451749
111 67228609 3676112
112 70904721 3915059
113 74819780 4169537
114 78989317 4440556
115 83429873 4729192
116 88159065 5036589
117 93195654 5363967
118 98559621 5712624
119 104272245 6083944
120 110356189 6479400
121 116835589 6900561
122 123736150 7349097
123 131085247 7826788
124 138912035 8335529
125 147247564 8877338
126 156124902 9454364
127 165579266 10068897
128 175648163 10723375
129 186371538 11420394
130 197791932 12162719
131 209954651 12953295
132 222907946 13795259
133 236703205 14691950
134 251395155 15646926
135 267042081 16663976
136 283706057 17747134
137 301453191 18900697
138 320353888 20129242
139 340483130 21437642
140 361920772 22777494
141 384698266 24201087
142 408899353 25713654
143 434613007 27320757
144 461933764 29028304
145 490962068 30842573
146 521804641 32770233
147 554574874 34818372
148 589393246 36994520
149 626387766 39306677
150 665694443 41763344
151 707457787 44373553
152 751831340 47146900
153 798978240 50093581
154 849071821 53224429
155 902296250 56550955
156 958847205 60085389
157 1018932594 63840725
158 1082773319 67830770
159 1150604089 72070193
160 1222674282 76574580
161 1299248862 81360491
162 1380609353 86445521
163 1467054874 91848366
164 1558903240 97588888
165 1656492128 103688193
166 1760180321 110168705
167 1870349026 117054249
168 1987403275 124370139
169 2111773414 132143272
170 2243916686 140402226
171 2384318912 149177365
172 2533496277 158500950
173 2691997227 168407259
174 2860404486 178932713
175 3039337198 190116006
176 3229453204 201998256
177 3431451460 214623147
178 3646074607 228037093
179 3874111700 242289411
180 4116401111 256826775
181 4373227886 272236381
182 4645464267 288570563
183 4934034830 305884796
184 5239919626 324237883
185 5564157509 343692155
186 5907849664 364313684
187 6272163348 386172505
188 6658335853 409342855
189 7067678708 433903426
190 7501582134 459937631
191 7961519765 487533888
192 8449053653 516785921
193 8965839574 547793076
194 9513632650 580660660
195 10094293310 615500299
196 10709793609 652430316
197 11362223925 691576134
198 12053800059 733070702
199 12786870761 777054944
200 13563925705 2207026470
201 15770952175 2471869646
202 18242821821 2768494003
203 21011315824 3100713283
204 24112029107 3472798876
205 27584827983 3889534741
206 31474362724 4356278909
207 35830641633 4879032378
208 40709674011 5464516263
209 46174190274 6120258214
210 52294448488 16830710088
211 69125158576 18177166895
212 87302325471 19631340246
213 106933665717 21201847465
214 128135513182 22897995262
215 151033508444 24729834882
216 175763343326 26708221672
217 202471564998 28844879405
218 231316444403 31152469757
219 262468914160 33644667337
220 296113581497 84838062013
221 380951643510 88231584493
222 469183228003 91760847872
223 560944075875 95431281786
224 656375357661 99248533057
225 755623890718 103218474379
226 858842365097 107347213354
227 966189578451 111641101888
228 1077830680339 116106745963
229 1193937426302 120751015801
230 1314688442103 246332072234
231 1561020514337 251258713678
232 1812279228015 256283887951
233 2068563115966 261409565710
234 2329972681676 266637757024
235 2596610438700 271970512164
236 2868580950864 277409922407
237 3145990873271 282958120855
238 3428948994126 288617283272
239 3717566277398 294389628937
240 4011955906335 594667050452
241 4606622956787 600613720956
242 5207236677743 606619858165
243 5813856535908 612686056746
244 6426542592654 618812917313
245 7045355509967 625001046486
246 7670356556453 631251056950
247 8301607613403 637563567519
248 8939171180922 643939203194
249 9583110384116 650378595225
250 10233488979341 1313764762354
251 11547253741695 1326902409977
252 12874156151672 1340171434076
253 14214327585748 1353573148416
254 15567900734164 1367108879900
255 16935009614064 1380779968699
256 18315789582763 1394587768385
257 19710377351148 1408533646068
258 21118910997216 1422618982528
259 22541529979744 1436845172353
260 23978375152097 2902427248153
261 26880802400250 2931451520634
262 29812253920884 2960766035840
263 32773019956724 2990373696198
264 35763393652922 3020277433159
265 38783671086081 3050480207490
266 41834151293571 3080985009564
267 44915136303135 3111794859659
268 48026931162794 3142912808255
269 51169843971049 3174341936337
270 54344185907386 6412170711400
271 60756356618786 6476292418514
272 67232649037300 6541055342699
273 73773704379999 6606465896125
274 80380170276124 6672530555086
275 87052700831210 0